Prot_ID	CAMPR3_SVM	CAMPR3_RF	CAMPR3_ANN	CAMPR3_DA	iAMPred	DBAASP	SignalP	SecretomeP	TargetP	TMHMM
HmN_000583800	0	1	0	0	0	0	1	0	0	0
HmN_000173000.2	0	1	1	0	1	0	0	0	0	0
HmN_000751200	1	1	1	1	1	0	0	0	0	0
HmN_003050620	1	1	1	1	1	0	1	0	0	0
HmN_003037330	0	0	0	0	0	0	0	1	0	0
HmN_003035890	1	1	0	1	1	0	0	0	0	0
HmN_000321700	0	1	0	0	1	0	0	0	0	0
HmN_003050540.2	0	1	0	0	1	0	0	0	0	0
HmN_002215600	0	1	0	0	0	0	0	1	0	0
HmN_000726700	0	0	1	0	0	0	0	0	0	1
HmN_003008120	1	1	0	1	0	0	0	0	0	0
HmN_002148200	1	1	0	1	1	0	0	0	0	0
HmN_003004980	0	1	0	0	1	0	0	0	0	0
HmN_000546700	1	1	0	0	0	0	0	0	0	0
HmN_000403700	1	1	1	1	1	1	0	0	0	0
HmN_003015610	1	1	0	1	0	0	0	0	0	0
HmN_003033920	0	0	0	0	0	0	0	1	0	0
HmN_002200400	1	0	1	0	1	1	0	0	0	0
HmN_003003000	0	1	0	1	1	0	0	0	0	0
HmN_003021330	1	1	0	1	1	0	1	0	0	1
HmN_002108200	0	0	0	0	1	0	0	0	0	0
HmN_000980600	0	1	0	0	0	0	0	0	0	0
HmN_003008260	1	1	0	0	0	0	0	0	0	1
HmN_000337000	1	1	0	0	1	0	0	0	0	0
HmN_000309300.2	0	1	0	0	0	0	0	1	0	0
HmN_000061800	0	0	0	0	0	1	0	0	0	1
HmN_002007100	0	0	0	0	1	0	0	0	0	0
HmN_000706200	0	1	0	0	1	0	0	0	0	1
HmN_000197700	0	1	0	0	0	0	1	0	0	1
HmN_000110400	1	1	0	1	1	0	0	0	0	0
HmN_003034780	0	1	0	0	0	0	0	1	0	0
HmN_000256100	1	1	0	1	1	0	1	0	0	0
HmN_000309100	0	0	0	0	0	0	0	0	0	0
HmN_002126600	1	1	0	0	1	0	1	0	0	0
HmN_003001420	0	0	0	0	0	0	0	0	0	0
HmN_003007010	0	1	0	0	0	0	0	0	0	0
HmN_000648800	0	0	0	1	1	0	1	0	0	1
HmN_003021110	0	1	0	0	1	0	0	0	0	0
HmN_003008150	1	1	0	0	0	0	0	0	0	1
HmN_003007330	1	1	1	1	1	0	0	0	0	0
HmN_003000470	1	1	0	1	1	0	0	0	0	0
HmN_003029080	1	1	0	1	1	0	0	0	0	1
HmN_000282600	0	0	0	0	1	0	0	0	0	0
HmN_002262700	1	1	0	0	0	0	0	0	0	0
HmN_002186600	1	1	1	1	1	0	0	0	0	0
HmN_000227300	0	0	0	0	0	0	0	0	0	0
HmN_002228000	1	1	0	1	1	0	0	0	0	1
HmN_000357600	1	1	0	1	1	0	0	0	0	0
HmN_003021100	0	1	0	0	1	0	0	0	0	1
HmN_003043190.1	0	1	0	0	0	0	0	0	0	0
HmN_003007520	1	1	0	1	0	1	0	0	0	0
HmN_003008430	1	1	0	0	1	0	0	0	0	0
HmN_003033520	0	1	0	0	0	0	0	0	0	0
HmN_000544400	1	1	0	1	0	0	0	0	0	0
HmN_003028310	0	0	0	0	0	0	0	0	0	1
HmN_002037400	1	1	0	1	1	0	1	0	0	0
HmN_000121400	1	1	0	1	0	0	0	0	0	0
HmN_000467900	0	0	0	0	1	0	0	0	0	1
HmN_003037990	1	1	1	1	1	0	0	0	0	0
HmN_000169800	0	1	0	1	0	0	0	0	0	0
HmN_003000740	1	1	1	1	1	1	1	0	0	0
HmN_003018250	0	0	0	0	0	0	0	0	0	1
HmN_003046130	1	1	0	0	1	0	1	0	0	0
HmN_002137500	1	1	0	1	1	1	0	0	0	0
HmN_003033890	0	0	0	0	0	0	0	1	0	0
HmN_003038160	1	1	0	1	1	0	0	0	0	0
HmN_000579100	0	0	0	0	0	0	0	0	0	0
HmN_000879100	1	1	0	0	1	0	0	0	0	0
HmN_000007600	1	1	1	1	1	1	0	0	0	0
HmN_003004120	1	1	0	1	1	0	0	0	0	0
HmN_003021300	1	1	1	1	1	0	0	0	0	1
HmN_000439300	1	1	0	1	0	0	1	0	0	1
HmN_003039230	1	1	1	1	1	0	1	0	0	0
HmN_003006680	0	0	0	0	1	0	0	0	0	0
HmN_003008240	1	1	0	0	0	0	0	0	0	1
HmN_000860300	0	1	0	0	0	0	0	0	0	0
HmN_003030490	0	0	0	0	0	1	0	0	0	0
HmN_003027490	1	1	0	0	0	0	0	0	0	0
HmN_002254100.2	1	1	1	1	1	0	0	0	0	0
HmN_003008700	0	0	0	0	0	0	0	0	0	0
HmN_002210900	0	0	0	0	0	0	0	0	0	0
HmN_000691400	0	1	0	0	0	0	1	0	0	0
HmN_002037500	1	1	0	0	1	0	0	0	0	1
HmN_000335500	0	1	0	1	1	0	0	1	0	0
HmN_002295600	0	1	0	0	1	0	0	1	0	0
HmN_002262800	1	1	0	1	1	0	0	0	0	0
HmN_000845000	0	1	0	0	1	0	0	0	0	0
HmN_003048690	1	1	0	0	0	0	0	1	0	0
HmN_000888800	1	1	0	1	0	0	0	0	0	0
HmN_000760600	1	1	0	0	1	1	0	0	0	0
HmN_003034430	1	0	0	0	1	0	0	0	0	1
HmN_003003230	0	1	0	0	0	0	1	0	0	0
HmN_002025100	0	1	0	0	1	0	1	0	0	0
HmN_003049440	0	1	0	0	1	0	0	0	0	1
HmN_000321600	1	1	0	1	1	0	0	0	0	0
HmN_003046210	0	0	0	0	0	0	1	0	0	0
HmN_000097000	0	0	0	0	1	0	0	0	0	1
HmN_003041590	0	0	0	0	1	0	0	0	0	0
HmN_000150100	1	1	1	1	1	1	0	0	0	0
HmN_000893200	1	1	0	1	1	1	1	0	0	0
HmN_003003870	0	1	0	1	1	0	0	0	0	0
HmN_000670700	1	0	0	0	1	0	0	0	0	0
HmN_000578800	1	1	1	1	1	0	0	0	0	0
HmN_000057500	1	1	0	1	1	0	0	0	0	1
HmN_002040000	1	1	0	0	0	0	1	0	0	0
HmN_000439400	0	0	0	0	1	0	0	0	0	0
HmN_000304100	0	0	0	0	0	0	0	0	0	0
HmN_000129100	1	1	0	1	1	0	0	0	0	0
HmN_000486600	1	1	1	1	1	0	0	1	0	0
HmN_002156000	0	1	0	0	1	1	0	0	0	0
HmN_000320700	0	0	0	0	0	1	0	0	0	0
HmN_002029500	1	1	0	0	1	0	1	0	0	0
HmN_002152800	1	1	0	0	1	1	0	0	0	0
HmN_003036760	1	1	0	1	1	0	1	0	0	0
HmN_003046190	1	1	0	0	1	0	1	0	0	0
HmN_003009240	1	1	1	1	1	0	0	0	0	0
HmN_002118500	1	1	1	1	1	1	0	0	0	1
HmN_002057000	0	1	0	0	1	0	0	0	0	0
HmN_002229200	0	0	0	0	1	1	0	0	0	0
HmN_000288500	0	1	0	1	0	0	0	0	0	0
HmN_003040450	1	1	0	1	1	1	0	0	0	1
HmN_000171300	1	1	0	1	1	0	0	0	0	1
HmN_000982600	0	1	0	0	1	0	1	0	0	0
HmN_000335300	1	1	0	1	1	0	1	0	0	0
HmN_002061700	1	1	1	1	1	0	1	1	0	0
HmN_003040440	1	1	0	0	1	1	0	0	0	1
HmN_003004110	1	1	1	1	1	0	1	1	0	0
HmN_000107100	1	1	0	1	0	0	0	0	0	0
HmN_003008090	1	1	0	0	0	0	0	0	0	1
HmN_000481300.2	1	1	1	1	1	0	0	0	0	0
HmN_000698200	1	1	0	0	0	0	0	0	0	0
HmN_000127300	1	1	0	1	1	0	1	0	0	1
HmN_003005350	1	1	0	0	0	0	0	0	0	0
HmN_003034510	0	1	0	0	1	0	0	0	0	0
HmN_000282800	0	0	0	0	1	0	0	0	0	0
HmN_003021210	1	1	1	1	1	0	0	0	0	0
HmN_000166500	1	1	0	1	1	0	1	0	0	0
HmN_002106700	0	1	0	0	1	0	0	0	0	0
HmN_000956000	1	1	1	1	1	0	1	0	0	0
HmN_003039250.1	1	1	0	0	1	0	0	0	0	0
HmN_003039250.2	1	1	0	0	1	0	0	0	0	0
HmN_003039250.3	1	1	0	0	0	0	0	0	0	0
HmN_003004990	0	1	0	0	1	0	0	0	0	0
HmN_002031500	1	1	0	1	1	1	0	0	0	0
HmN_003042100	1	1	0	1	1	0	1	0	0	1
HmN_002140400	0	0	0	0	1	0	0	0	0	0
HmN_003027230	1	1	0	0	0	0	0	0	0	0
HmN_003041420	1	1	0	1	1	0	0	0	0	0
HmN_000866400	0	1	0	0	0	0	1	1	0	0
HmN_000024600	0	1	0	0	0	0	0	1	0	1
HmN_001011800	1	1	0	1	1	0	0	0	0	0
HmN_000777000	1	1	1	1	1	0	0	0	0	0
HmN_003015940	0	0	0	0	0	0	0	0	0	0
HmN_000256000	1	0	0	0	1	0	0	0	0	0
HmN_000078400	1	1	0	1	1	0	0	0	0	0
HmN_000056500	1	0	0	0	0	1	0	0	0	0
HmN_000720900	1	1	1	1	1	1	0	0	0	0
HmN_000700000	1	1	0	0	1	0	0	0	0	0
HmN_003040410	0	0	0	0	1	0	1	0	0	0
HmN_003014760	1	1	0	1	1	0	0	0	0	0
HmN_000620100	1	1	1	1	1	0	1	0	0	1
HmN_000022700	0	1	0	0	1	0	0	0	0	0
HmN_000814300	1	1	0	1	1	0	0	0	0	0
HmN_000321500	0	1	0	0	0	0	0	0	0	0
HmN_000282700	0	0	0	0	1	0	0	0	0	0
HmN_003026460	1	1	0	1	0	0	0	0	0	0
HmN_003021200	1	1	0	1	1	0	0	0	0	0
HmN_003006020	1	1	1	1	1	0	0	0	0	0
HmN_000162300.2	0	1	0	0	1	0	0	0	0	0
HmN_000824700	1	1	1	0	1	0	0	0	0	0
HmN_003036750	0	1	0	0	0	0	0	0	0	0
HmN_000255000	1	1	0	1	1	0	0	0	0	0
HmN_003009570	0	0	0	0	1	0	0	0	0	0
HmN_003008950	1	1	0	1	1	0	0	0	0	0
HmN_000106200.1	1	1	0	0	1	0	0	0	0	0
HmN_003044230	0	1	0	0	0	0	1	0	0	1
HmN_003015180	1	1	0	1	0	0	0	0	0	0
HmN_003042280	0	0	0	1	1	0	1	1	0	0
HmN_002289200	1	1	0	0	0	0	1	1	0	1
HmN_003004060	1	1	0	1	1	0	0	0	0	0
HmN_000148600	1	1	0	0	0	0	1	1	0	0
HmN_003043730	1	1	0	1	0	0	0	0	0	0
HmN_003004390	0	0	0	0	0	0	0	0	0	0
HmN_003041740	0	0	0	0	1	0	0	1	0	0
HmN_002066400	1	0	1	0	0	1	0	0	0	0
HmN_000725400	0	0	0	0	1	1	0	0	0	0
HmN_000556900.4	1	1	1	1	1	1	0	0	0	0
HmN_000283000	1	1	0	1	1	0	0	0	0	0
HmN_002048000	0	1	0	1	1	0	0	0	0	0
HmN_000491300	1	1	0	1	1	0	1	0	0	0
HmN_000732600	1	1	0	0	1	0	0	0	0	0
HmN_002201500	1	1	1	1	1	0	1	0	0	0
HmN_003026590	1	1	0	0	1	0	0	0	0	0
HmN_003036440	1	1	0	0	0	0	0	0	0	0
HmN_000503700	0	1	0	0	0	0	0	0	0	0
HmN_000497400	1	1	0	0	0	0	0	0	0	0
HmN_000326800	0	0	0	0	0	0	0	0	0	0
HmN_000274900	0	0	0	0	0	0	0	0	0	0
HmN_003003540	0	0	1	0	1	0	0	0	0	0
HmN_003039490	0	1	0	1	0	1	0	1	0	0
HmN_003008230	0	1	0	0	0	0	0	0	0	0
HmN_003050692	1	1	0	0	1	0	0	0	0	1
HmN_003047420	0	0	0	0	1	0	1	1	0	0
HmN_003036740	0	1	0	0	0	0	0	0	0	0
HmN_003006990	0	1	0	0	0	0	0	0	0	0
HmN_003033320	1	1	0	0	1	0	0	0	0	0
HmN_003035520	0	1	0	0	0	0	0	0	0	0
HmN_000176900	1	1	1	1	1	0	1	0	0	1
HmN_000501000.2	0	1	0	0	0	0	0	0	0	0
HmN_003037440	0	0	0	0	0	0	0	0	0	0
HmN_003007110	0	1	0	0	0	0	0	0	0	1
HmN_003043140	0	0	0	0	0	1	0	0	0	0
HmN_003008140	0	1	0	0	0	0	0	0	0	0
HmN_002056600	0	0	0	0	0	0	0	0	0	0
HmN_000176300	1	1	1	1	1	0	0	0	0	0
HmN_002048800	0	0	0	0	0	0	0	0	0	0
HmN_000116700	1	1	0	1	1	0	0	0	0	1
HmN_002204000	0	0	0	0	0	0	1	0	0	1
HmN_000854800	0	0	0	0	1	0	0	0	0	0
HmN_002164100	0	1	0	0	1	1	0	0	0	0
HmN_000716900	0	0	0	0	0	0	0	0	0	0
HmN_003007980	0	1	1	1	1	0	0	0	0	0
HmN_000893300	1	1	0	1	1	1	1	0	0	0
HmN_003023070	1	1	0	1	1	0	0	0	0	0
HmN_000744800	1	1	0	1	1	0	0	0	0	0
HmN_003044460	0	1	0	0	1	0	0	0	0	0
HmN_000282000	0	0	0	0	0	0	0	0	0	0
HmN_003034850	0	1	0	0	0	0	0	0	0	0
HmN_000055200	0	0	0	0	1	0	0	0	0	0
HmN_000526300	0	0	1	0	1	0	0	0	0	0
HmN_000117400	0	1	0	0	0	0	0	1	0	0
HmN_003030350	1	1	0	0	0	0	0	0	0	0
HmN_003038000	0	0	0	0	0	0	0	0	0	1
HmN_003013140	0	0	0	0	0	0	1	0	0	1
HmN_003034680	0	0	0	0	0	0	0	0	0	0
HmN_003004550	1	1	0	1	0	0	0	0	0	0
HmN_000854400	0	1	0	0	1	0	0	0	0	0
HmN_000614500.2	0	1	0	1	0	0	0	0	0	0
HmN_003009150	1	1	1	1	1	0	0	0	0	0
HmN_000173300	1	1	0	1	0	0	0	0	0	0
HmN_000929800	0	0	0	0	0	0	0	0	0	0
HmN_002242800	0	0	0	0	0	1	0	0	0	0
HmN_000383900	0	1	0	0	0	0	0	0	0	1
HmN_000296100	1	1	0	1	1	0	0	0	0	0
HmN_003006960	0	1	0	0	1	0	0	0	0	0
HmN_000609500	1	1	0	1	1	0	0	0	0	1
HmN_002043700	1	1	1	1	1	1	1	0	0	0
HmN_003044350	1	1	0	0	1	0	0	0	0	0
HmN_000802800	1	1	0	1	1	0	0	0	0	0
HmN_003029290	1	1	0	1	1	0	1	1	0	0
HmN_003037360	1	1	0	1	1	0	1	0	0	0
HmN_003013150	0	0	0	0	0	0	0	0	0	0
HmN_000833800	1	1	0	1	1	0	0	0	0	0
HmN_000454800	1	1	0	1	1	0	0	0	0	1
HmN_003008210	1	1	0	1	0	0	0	0	0	0
HmN_003003640	0	0	0	0	0	0	0	0	0	1
HmN_003039190	1	1	0	1	1	0	0	0	0	0
HmN_003038190	1	1	0	1	1	0	0	0	0	0
HmN_003008520	1	1	0	1	1	0	0	0	0	0
HmN_000672100	0	0	0	0	0	0	1	0	0	0
HmN_000047600	1	1	0	1	1	0	0	0	0	0
HmN_000369300	0	0	0	0	1	0	0	0	0	0
HmN_000497300	0	0	0	0	0	0	1	1	0	0
HmN_000884200	0	0	0	0	1	1	0	0	0	0
HmN_003032370	1	1	0	0	0	0	0	0	0	0
HmN_000160400	0	1	0	1	0	0	0	0	0	1
HmN_002088700	0	0	0	0	0	0	1	1	0	0
HmN_002017200	0	1	0	0	0	0	1	1	0	1
HmN_000771000	1	1	0	0	1	0	0	0	0	0
HmN_003000890	1	1	0	1	1	0	0	0	0	0
HmN_003046240	0	0	0	0	0	0	1	0	0	0
HmN_000447000	0	0	0	0	0	0	1	0	0	0
HmN_003020740	0	0	0	0	0	0	0	0	0	0
HmN_000081000	1	1	0	0	1	0	1	0	0	1
HmN_002149300	0	1	0	0	1	0	0	0	0	0
HmN_000458100.1	0	0	0	0	0	1	0	0	0	0
HmN_003034490	1	1	1	1	1	0	0	0	0	0
HmN_002031400	1	0	1	1	1	0	0	0	0	1
HmN_003029040	0	0	0	0	1	1	0	0	0	0
HmN_000423200	1	1	1	1	1	0	0	0	0	1
HmN_000675700.1	1	1	0	1	1	0	1	1	0	0
HmN_003000390	0	0	0	0	0	0	0	0	0	0
HmN_000212550	0	0	0	0	0	0	1	0	0	1
HmN_003037430	0	0	0	0	0	0	0	0	0	0
HmN_000765800	1	1	0	1	1	0	0	0	0	1
HmN_000893100	0	1	0	0	1	1	1	1	0	0
HmN_000230900	0	1	0	0	0	0	0	0	0	1
HmN_000693900	1	1	1	1	1	1	0	0	0	0
HmN_002023600	1	1	0	1	1	0	1	0	0	0
HmN_000380100	1	1	0	1	1	0	1	0	0	1
HmN_003043550	0	1	1	1	0	0	0	0	0	0
HmN_002295700	1	1	0	0	0	0	0	0	0	0
HmN_003006000	1	1	1	1	1	0	0	0	0	0
HmN_002190500	0	0	0	0	1	0	0	0	0	0
HmN_002032700	1	1	0	0	1	1	0	0	0	0
HmN_000421600	1	1	0	1	0	0	0	0	0	0
HmN_003027530	1	1	0	1	0	0	0	0	0	0
HmN_003023480	0	0	0	0	0	0	0	0	0	0
HmN_003035740	0	0	0	0	0	0	0	0	0	0
HmN_003013380	0	0	0	0	0	0	1	0	0	0
HmN_002202200	1	1	0	1	0	0	0	0	0	0
HmN_002086000	0	0	0	0	1	0	0	0	0	0
HmN_000282900	0	0	0	0	0	0	0	0	0	0
HmN_003016090	0	0	0	0	0	1	0	0	0	0
HmN_000892900	1	1	0	1	1	0	0	0	0	0
HmN_000715100	1	1	0	1	1	1	0	0	0	0
HmN_003013340	0	0	0	0	0	0	1	0	0	0
HmN_002035200	0	1	0	0	1	0	0	0	0	0
HmN_003031340	1	1	0	1	1	0	0	0	0	0
HmN_000900100	1	1	0	1	1	0	0	0	0	0
HmN_003043130	0	0	0	0	0	0	0	0	0	0
HmN_000812800	1	1	0	1	0	0	0	0	0	0
HmN_000324800	0	1	0	0	1	1	1	0	0	1
HmN_003013350	0	0	0	0	0	0	1	0	0	0
HmN_003047660	0	1	0	0	0	0	1	0	0	0
HmN_000275600	1	1	0	1	1	0	0	0	0	0
HmN_000228300	0	1	0	0	0	0	1	0	0	1
HmN_002223100	1	1	1	1	1	0	0	0	0	0
HmN_003033260	1	1	0	1	1	0	0	0	0	0
HmN_002207100	0	0	0	0	1	0	0	0	0	0
HmN_000275700	0	1	0	0	1	0	0	0	0	0
HmN_000777400	1	1	0	0	1	0	0	0	0	0
HmN_003036470	1	1	0	0	0	0	0	0	0	0
HmN_000275500	0	1	0	0	1	1	0	0	0	0
HmN_000282500	1	1	0	0	1	0	0	0	0	0
HmN_002203900	1	1	0	0	1	0	0	0	0	0
HmN_003009910	0	0	0	0	1	0	0	0	0	0
HmN_003006970	0	1	0	0	1	0	0	0	0	1
HmN_000107600	0	0	0	1	1	1	0	0	0	0
HmN_000462100	1	1	0	1	0	1	1	0	0	1
HmN_000964900	0	0	0	0	0	0	0	0	0	1
HmN_000257400	0	1	0	1	0	0	1	0	0	0
HmN_003048530	1	1	0	1	1	0	0	1	0	0
HmN_002032500	0	0	0	0	0	0	0	0	0	1
HmN_003039170	0	1	0	1	1	0	0	0	0	0
HmN_003003340	0	1	0	0	0	0	1	0	0	0
HmN_000079400	0	0	0	0	0	0	0	1	0	1
HmN_000746400	0	0	0	1	1	1	0	0	0	0
HmN_002023700	0	0	0	0	1	0	0	0	0	0
HmN_003033250	0	1	0	0	1	0	1	0	0	0
HmN_002042300	0	1	0	0	1	0	1	0	0	1
HmN_000236800	1	1	0	0	1	0	0	0	0	0
HmN_003022260	1	1	0	0	1	1	0	0	0	1
HmN_000575400	0	1	0	1	0	0	1	0	0	1
HmN_000001300	0	0	0	0	0	0	0	0	0	0
HmN_000336000	0	0	0	0	1	0	1	1	0	1
HmN_003012780	1	1	0	0	1	1	0	0	0	0
HmN_002026800	0	0	0	0	0	1	0	0	0	0
HmN_003029190	1	1	0	1	1	0	0	0	0	0
HmN_000321200	1	1	0	0	0	0	0	0	0	0
HmN_003027450	0	1	0	0	0	0	0	0	0	0
HmN_000103200	0	0	0	0	0	0	0	0	0	0
HmN_003027640	1	1	0	0	1	0	0	0	0	1
HmN_003004460	1	1	1	1	1	0	0	0	0	0
HmN_002115000	0	0	0	0	1	0	0	0	0	0
HmN_000751300	1	1	1	1	1	0	0	1	0	0
HmN_003034840	1	1	0	0	0	0	0	0	0	0
HmN_000956300	1	1	1	1	1	0	1	0	0	0
HmN_003016100	1	0	0	0	0	0	0	0	0	1
HmN_003031350	1	1	0	1	1	0	0	0	0	0
HmN_002020500	1	1	0	1	1	0	1	0	0	0
HmN_000735400.3	0	0	0	0	0	0	0	0	0	0
HmN_000523600	1	1	0	0	1	0	0	0	0	0
HmN_002112600.2	1	1	0	0	1	0	0	0	0	1
HmN_003034240	0	0	0	0	0	0	1	0	0	0
HmN_000563900	1	1	0	0	0	1	0	0	0	0
HmN_003002950	0	0	0	0	1	0	0	0	0	1
HmN_000933600	0	1	0	0	1	0	0	0	0	0
HmN_003036550	1	1	0	1	0	0	0	0	0	0
HmN_003026870	1	1	0	0	1	0	0	0	0	0
HmN_002168000	0	0	0	0	1	0	0	0	0	0
HmN_003036520	0	0	0	0	0	0	0	0	0	1
HmN_000711300	0	1	0	0	0	0	0	0	0	1
HmN_000907200	0	0	0	0	0	0	0	0	0	0
HmN_003048730	1	1	1	1	1	0	1	0	0	1
HmN_003020180	1	1	0	0	1	0	0	0	0	0
HmN_002127000	0	0	0	0	0	0	1	1	0	0
HmN_003001290	0	0	0	0	0	0	0	0	0	0
HmN_003001310	0	1	0	0	0	0	0	0	0	0
HmN_000056800	0	1	0	0	1	0	0	0	0	0
HmN_000977400	0	0	0	0	0	0	0	0	0	0
HmN_000677500	1	1	0	1	0	0	0	0	0	0
HmN_003003050	0	0	0	0	0	0	0	0	0	0
HmN_000692700	1	1	1	1	1	1	0	0	0	0
HmN_003046170.3	1	1	0	0	1	0	1	1	0	0
HmN_003028210	1	1	0	1	0	0	0	0	0	1
HmN_002016700	0	1	0	0	0	0	0	0	0	1
HmN_002204500	1	1	1	1	1	0	1	1	0	0
HmN_003040360	0	1	0	0	0	0	0	0	0	0
HmN_000800300	1	1	1	1	1	1	1	0	0	1
HmN_003030400	1	1	0	0	0	0	0	0	0	0
HmN_003044360	1	1	0	0	1	0	0	0	0	0
HmN_003007130	0	0	0	0	0	0	0	0	0	0
HmN_003039410	0	0	0	0	0	0	0	0	0	0
HmN_000437500	1	1	0	1	1	1	0	0	0	0
HmN_000557400	1	1	0	1	1	0	0	0	0	1
HmN_003027740	1	1	1	1	0	0	0	0	0	0
HmN_003008270	0	1	0	0	0	0	0	0	0	0
HmN_003004350	0	0	0	0	0	0	0	0	0	0
HmN_003026420	1	1	0	1	0	0	0	0	0	0
HmN_003039210	0	1	0	0	1	0	0	0	0	0
HmN_000234350	0	0	1	0	1	0	1	1	0	0
HmN_000322100	0	1	0	0	0	0	0	0	0	0
HmN_002285600	0	0	0	0	0	0	0	0	0	0
HmN_003048830	0	1	0	0	0	0	0	0	0	0
HmN_003048160	1	1	0	1	0	0	0	0	0	0
HmN_000069000	0	0	0	0	0	1	1	1	0	1
HmN_003045320	0	0	0	0	1	0	1	1	0	0
HmN_000056300	1	1	0	1	1	1	1	0	0	0
HmN_000514300	0	0	0	0	0	0	1	0	0	0
HmN_000653700.1	0	1	0	0	1	0	0	1	0	0
HmN_003023820	0	0	0	0	1	0	0	0	0	0
HmN_000377100	1	1	0	1	1	0	1	0	0	0
HmN_003042260	0	0	0	1	1	0	1	1	0	0
HmN_003007150	0	0	0	0	0	0	0	0	0	0
HmN_000760500	1	1	0	1	1	1	0	0	0	0
HmN_000575500	0	1	0	0	1	0	0	0	0	0
HmN_002163700	1	1	0	1	1	0	0	0	0	0
HmN_003050460.1	1	1	0	1	1	0	0	0	0	0
HmN_003050460.2	0	0	0	0	1	1	0	0	0	0
HmN_000970000	1	1	0	0	0	0	0	0	0	0
HmN_002174900	1	1	1	1	1	0	0	0	0	1
HmN_000507300	0	0	0	0	1	0	0	0	0	0
HmN_003028890	1	1	0	1	1	0	1	0	0	1
HmN_000308600	1	1	1	1	1	1	0	0	0	0
HmN_002221000	1	1	1	1	1	1	0	0	0	0
HmN_000760700	0	1	0	0	1	1	0	0	0	0
HmN_003008480	0	1	0	0	1	1	0	0	0	1
HmN_000982200	0	1	0	0	1	0	0	0	0	0
HmN_003044370	1	1	0	0	1	0	0	0	0	0
HmN_000831600	1	1	0	1	1	1	0	0	0	1
HmN_002097700	0	1	0	0	1	0	0	0	0	1
HmN_003034750	1	1	0	1	1	0	0	0	0	1
HmN_003044490	0	1	0	0	0	0	0	0	0	0
HmN_003008190	0	1	0	0	0	0	0	0	0	0
HmN_003006260	0	0	0	0	0	0	1	0	0	0
HmN_000369200	0	1	0	0	1	0	0	1	0	0
HmN_003008180	1	1	0	0	0	0	0	0	0	1
HmN_000760800	0	1	0	0	1	0	0	0	0	0
HmN_003038900	1	1	1	1	1	0	1	0	0	1
HmN_000174300	1	1	1	1	1	0	0	0	0	0
HmN_002263100	0	0	0	1	0	0	0	0	0	0
HmN_000789800	1	1	0	1	1	0	0	0	0	0
HmN_000125000	0	0	0	0	0	0	1	0	0	1
HmN_000617000	1	1	0	0	1	1	0	0	0	0
HmN_002068500	1	1	0	1	1	0	0	0	0	0
HmN_000986600	1	1	0	1	1	0	0	0	0	0
HmN_000266700	1	1	1	1	1	1	0	0	0	0
HmN_003034740	1	1	0	1	1	0	0	0	0	0
HmN_000122800	0	1	0	0	0	0	1	0	0	0
HmN_000401000	0	1	0	0	0	0	0	1	0	0
HmN_000575000	0	0	0	0	1	0	0	0	0	0
HmN_000865400	1	1	0	0	0	0	0	0	0	0
HmN_003026660	0	1	0	0	1	0	0	0	0	0
HmN_000191000	0	1	0	0	0	1	0	0	0	0
HmN_000371800	0	0	0	0	1	0	1	0	0	1
HmN_003033590	1	1	0	1	1	0	0	0	0	1
HmN_003015870	0	1	0	0	0	0	0	0	0	0
HmN_002227900	1	1	0	0	1	0	0	0	0	1
HmN_003022700	0	0	1	0	0	0	0	0	0	0
HmN_003049630	0	1	0	1	1	0	0	0	0	0
HmN_000535000	1	1	0	1	1	0	0	0	0	0
HmN_003034970	0	0	0	0	0	0	0	0	0	0
HmN_003042080	1	1	0	1	1	0	1	1	0	1
HmN_003031040	1	1	1	1	1	0	0	1	0	0
HmN_003007540	0	1	0	0	1	0	1	1	0	0
HmN_002271600	1	1	0	1	1	0	1	0	0	0
HmN_000566900	0	1	0	0	0	0	0	1	0	0
HmN_003007310	0	1	0	0	1	0	1	1	0	0
HmN_003013130	0	0	0	0	0	0	1	0	0	0
HmN_002018900	0	0	0	0	0	0	1	0	0	1
HmN_003013230	0	1	0	0	1	0	1	0	0	0
HmN_003031130	0	0	0	0	0	0	0	0	0	0
HmN_003032690	0	0	0	0	0	0	0	0	0	0
HmN_000756200	1	1	0	0	1	0	1	0	0	1
HmN_002063900	0	1	0	0	1	0	0	0	0	0
HmN_002065400	0	0	0	0	1	0	0	0	0	0
HmN_002067500	1	1	0	1	1	0	1	0	0	0
HmN_002149200	1	1	0	1	0	0	0	0	0	0
HmN_002190600	0	0	0	0	0	1	0	0	0	1
HmN_003016240	1	1	0	1	1	0	0	0	0	0
HmN_003048720	0	0	0	1	0	0	1	0	0	1
HmN_003038800	0	1	0	1	1	0	0	0	0	0
HmN_002292000	0	1	0	0	0	0	0	0	0	0
HmN_000060300	1	1	0	1	1	0	0	0	0	1
HmN_000668200	1	1	1	1	1	0	1	0	0	0
HmN_003026850	1	1	0	1	1	0	0	0	0	0
HmN_000899700	1	0	1	0	0	1	0	1	0	0
HmN_003008710	1	1	0	1	0	1	0	0	0	0
HmN_002066000	0	0	0	0	0	0	0	0	0	0
HmN_000503600.1	1	1	0	0	0	0	0	0	0	0
HmN_000503600.2	1	1	0	1	0	0	0	0	0	0
HmN_003038850	1	1	1	1	1	0	1	0	0	1
HmN_003043370	0	0	0	0	0	0	0	0	0	0
HmN_003033950	1	1	0	1	0	0	0	0	0	0
HmN_000804500	1	1	0	1	1	1	1	1	0	0
HmN_003028000.2	0	1	0	0	0	0	0	0	0	0
HmN_000014400	0	1	0	0	0	0	0	0	0	0
HmN_002276800	1	1	0	0	1	1	0	0	0	0
HmN_000323100	0	1	0	0	0	0	0	0	0	0
HmN_002142100	0	0	0	0	1	0	0	0	0	0
HmN_003041570	0	0	0	0	1	0	0	0	0	0
HmN_000814400	1	1	0	1	1	0	0	0	0	0
HmN_003019640	0	1	0	0	0	0	0	0	0	0
HmN_003022250	0	0	0	0	1	0	0	0	0	0
HmN_003038810	0	1	0	1	1	0	0	0	0	0
HmN_000623200	1	1	0	0	1	0	0	0	0	0
HmN_000521800	1	1	0	0	1	0	0	0	0	0
HmN_002242000	1	1	0	0	1	1	0	0	0	0
HmN_002256800	1	1	0	1	1	0	0	0	0	0
HmN_003005270	1	1	0	1	1	0	0	0	0	0
HmN_003008100	0	1	0	0	0	0	0	0	0	0
HmN_000299700	0	1	0	0	0	0	0	0	0	1
HmN_000513300	0	0	0	0	1	0	0	0	0	1
HmN_003034590	1	1	0	1	0	0	0	1	0	0
HmN_000460100	1	1	0	1	0	0	0	0	0	0
HmN_000212650	0	0	0	0	0	0	1	0	0	1
HmN_003027940	0	1	0	0	0	0	0	0	0	0
HmN_002227300	0	0	0	0	1	0	0	0	0	0
HmN_002292500	1	1	0	1	1	1	0	0	0	0
HmN_000086500	0	0	0	0	0	0	1	0	0	0
HmN_003044250	1	1	0	1	0	0	0	0	0	0
HmN_000819200	1	1	1	1	1	0	1	0	0	1
HmN_003034690	0	0	0	0	0	0	0	0	0	0
HmN_003032740	0	1	0	0	1	0	0	0	0	1
HmN_000577100	1	1	0	1	0	0	0	0	0	0
HmN_003036330	1	1	1	1	1	0	0	0	0	0
HmN_000297400	0	1	0	0	0	0	0	0	0	1
HmN_003006280	1	1	1	1	1	0	0	0	0	0
HmN_003031310	0	0	0	0	0	0	0	0	0	0
HmN_000592400	1	1	0	1	0	0	1	1	0	1
HmN_000750700	1	1	1	1	1	1	0	0	0	0
HmN_000784000	1	1	0	1	1	0	0	0	0	0
HmN_003000600	0	0	0	0	1	1	0	0	0	0
HmN_002120500	0	1	0	1	1	0	1	1	0	0
HmN_002067600	0	0	1	0	1	0	1	1	0	0
HmN_003013160	0	0	0	0	0	0	0	0	0	0
HmN_003021250	1	1	0	1	1	0	0	0	0	0
HmN_003006940	0	1	1	0	1	0	0	0	0	1
HmN_003023850	0	0	0	0	1	0	0	0	0	0
HmN_000749000	1	1	0	1	0	0	0	0	0	1
HmN_000508100	1	1	0	1	0	0	1	1	0	1
HmN_002012900	0	0	0	0	0	0	0	0	0	0
HmN_003047340	0	0	0	0	1	0	0	0	0	0
HmN_003048210	1	1	0	1	1	1	0	0	0	0
HmN_000889000.1	1	0	1	0	1	0	0	0	0	0
HmN_000889000.2	1	0	1	0	1	0	0	0	0	0
HmN_002207700	1	1	0	1	0	0	1	0	0	0
HmN_003031140	1	1	1	1	1	0	0	1	0	0
HmN_003049100	1	1	1	1	1	0	0	0	0	0
HmN_000465500	1	1	0	1	1	0	0	0	0	0
HmN_002236800.1	0	1	0	1	1	0	0	0	0	0
HmN_003029180	1	1	0	0	1	0	0	0	0	0
HmN_003012100	1	1	0	1	1	0	0	0	0	0
HmN_000056400	1	0	0	1	0	1	1	0	0	0
HmN_003045330	0	0	0	0	1	0	1	1	0	0
HmN_000921100	0	0	0	0	1	0	0	0	0	0
HmN_000381300	0	1	0	1	0	1	0	0	0	0
HmN_003030330	1	1	0	0	0	0	0	0	0	0
HmN_002034200	1	1	0	1	1	1	0	0	0	0
HmN_003033830.2	0	1	0	0	0	0	0	0	0	0
HmN_000188901	0	0	0	0	0	0	0	0	0	0
HmN_003038130	1	1	0	1	1	0	0	0	0	0
HmN_003008530	1	0	1	0	1	0	1	0	0	0
HmN_002190400	1	0	0	0	1	0	0	0	0	0
HmN_000334400	0	0	0	0	0	0	0	0	0	0
HmN_003034500	1	1	1	1	1	0	0	0	0	0
HmN_003006920	0	1	1	0	1	0	0	0	0	1
HmN_002257900	1	1	0	1	0	0	0	0	0	0
HmN_003021260	1	1	0	1	1	0	0	0	0	0
HmN_000096000.1	1	1	0	1	1	0	0	0	0	0
HmN_000675600	1	1	0	1	1	0	1	0	0	1
HmN_003027520	1	1	0	1	0	0	0	0	0	0
HmN_003007020	0	1	0	0	1	0	1	0	0	1
HmN_002064100	0	0	0	0	1	1	1	0	0	0
HmN_003003030	0	0	0	0	0	0	0	0	0	0
HmN_000206600	0	1	0	0	0	1	1	1	0	0
HmN_000808100	0	0	0	0	0	1	0	0	0	0
HmN_000165500	0	0	0	0	0	0	1	0	0	1
HmN_003043660	1	1	0	1	1	0	0	0	0	0
HmN_000082000	1	1	0	1	1	0	0	0	0	0
HmN_003041330	1	1	0	1	0	0	0	0	0	0
HmN_002211700	0	0	0	0	0	1	0	0	0	0
HmN_002190200	0	1	0	1	0	0	0	0	0	1
HmN_000327100.3	0	1	0	0	1	0	0	0	0	0
HmN_002084100	1	1	0	1	1	0	0	0	0	1
HmN_000367000.3	1	0	0	1	1	0	0	0	0	1
HmN_000443100	0	0	0	0	1	0	0	0	0	0
HmN_002137700	0	1	0	0	1	1	0	0	0	0
HmN_000447700	1	1	1	1	1	0	1	0	0	1
HmN_000868700	0	1	0	0	1	0	1	0	0	0
HmN_003030610	1	1	0	1	1	0	0	0	0	0
HmN_003037340	1	1	1	1	1	0	0	0	0	0
HmN_003007390	1	1	1	1	1	0	0	0	0	0
HmN_000991900	1	1	0	1	1	0	0	1	0	0
HmN_003002880	0	0	0	0	0	0	0	0	0	0
HmN_000326100	1	1	0	1	1	1	1	0	0	0
HmN_003020760	0	1	0	0	0	0	0	0	0	0
HmN_000319800.1	0	1	0	0	0	0	0	0	0	1
HmN_000319800.2	0	1	0	0	0	0	0	0	0	1
HmN_003003280	0	1	0	0	0	0	1	0	0	0
HmN_002002600	0	0	0	0	1	0	0	1	0	0
HmN_003031320	1	1	0	1	1	0	0	0	0	0
HmN_003021340	1	1	0	1	1	0	1	0	0	1
HmN_002205400	0	1	0	0	1	1	0	0	0	0
HmN_000295600	0	1	0	0	0	0	1	0	0	0
HmN_003049310	0	1	0	0	1	1	0	0	0	0
HmN_003033660	1	1	1	1	1	0	1	1	0	0
HmN_003035770	0	1	0	0	0	1	0	0	0	0
HmN_000511300	1	1	0	1	1	0	1	0	0	0
HmN_002220900	0	0	0	0	0	0	0	0	0	1
HmN_002043600	1	1	0	1	1	1	1	0	0	1
HmN_000314000	1	1	0	1	1	0	0	0	0	0
HmN_003048430	1	1	0	1	1	0	0	1	0	0
HmN_000592500	1	1	0	1	0	1	1	0	0	1
HmN_003027240	1	1	0	0	0	0	0	0	0	0
HmN_002025400	1	1	0	1	1	0	1	0	0	0
HmN_003049370	1	1	1	1	1	0	0	0	0	0
HmN_000784300	1	1	0	1	1	0	0	0	0	0
HmN_002048100	0	0	0	0	0	0	0	0	0	0
HmN_003042140	0	1	0	0	1	0	0	0	0	0
HmN_000844900	0	0	0	0	0	0	0	0	0	0
HmN_000473600	1	1	0	1	1	0	0	0	0	1
HmN_003038220	1	1	0	1	1	0	0	0	0	0
HmN_003028900	1	1	0	1	1	0	1	0	0	1
HmN_000350100	0	0	0	0	0	0	0	0	0	0
HmN_003037550	0	0	0	0	0	0	0	0	0	0
